scheme,episode,reward,local_hit_rate,neighbor_fetch_rate,cloud_fetch_rate,paper_hit_rate
TemporalGraph,1,2451.50000000,0.32268782,0.19996753,0.47734465,0.52265535
TemporalGraph,2,2712.70000000,0.34743364,0.17792240,0.47464396,0.52535604
TemporalGraph,3,2690.50000000,0.31537428,0.18922668,0.49539904,0.50460096
TemporalGraph,4,2305.40000000,0.31158046,0.18411881,0.50430074,0.49569926
TemporalGraph,5,2638.70000000,0.31516579,0.18227033,0.50256388,0.49743612
TemporalGraph,6,2544.70000000,0.31890233,0.16632124,0.51477644,0.48522356
TemporalGraph,7,2817.80000000,0.34789907,0.18345310,0.46864783,0.53135217
TemporalGraph,8,2649.60000000,0.34253803,0.15197918,0.50548278,0.49451722
TemporalGraph,9,2607.20000000,0.31382965,0.15634980,0.52982055,0.47017945
TemporalGraph,10,2611.20000000,0.30195527,0.18648947,0.50322193,0.48844474
TemporalGraph,11,2492.50000000,0.30860168,0.19522236,0.49617596,0.50382404
TemporalGraph,12,2506.30000000,0.31315521,0.18511574,0.50172905,0.49827095
TemporalGraph,13,2779.70000000,0.33150831,0.19299794,0.47549375,0.52450625
TemporalGraph,14,2743.50000000,0.35712834,0.16435748,0.47851418,0.52148582
TemporalGraph,15,2588.10000000,0.33487129,0.17346035,0.49166836,0.50833164
TemporalGraph,16,2472.60000000,0.31113864,0.17846510,0.51039626,0.48960374
TemporalGraph,17,2471.30000000,0.29306814,0.19665339,0.51027847,0.48972153
TemporalGraph,18,2741.50000000,0.32889376,0.17975496,0.49135127,0.50864873
TemporalGraph,19,2644.60000000,0.31668079,0.18415542,0.49916379,0.50083621
TemporalGraph,20,2626.60000000,0.33534546,0.18142226,0.48323228,0.51676772
MAAFDRL,1,1508.00000000,0.22462118,0.16151915,0.61385967,0.38614033
MAAFDRL,2,1650.40000000,0.23585641,0.17259507,0.59154851,0.40845149
MAAFDRL,3,1443.90000000,0.20076241,0.20845949,0.59077810,0.40922190
MAAFDRL,4,1758.50000000,0.21905116,0.16905261,0.61189623,0.38810377
MAAFDRL,5,1506.10000000,0.23339232,0.19052876,0.57607892,0.42392108
MAAFDRL,6,1693.50000000,0.22784834,0.18077593,0.59137573,0.40862427
MAAFDRL,7,1717.50000000,0.23889831,0.15838475,0.60271694,0.39728306
MAAFDRL,8,1776.80000000,0.23527004,0.17806716,0.58666280,0.41333720
MAAFDRL,9,1578.30000000,0.23431558,0.16309544,0.60258898,0.39741102
MAAFDRL,10,1628.50000000,0.23057154,0.16344003,0.60598842,0.39401158
MAAFDRL,11,1673.60000000,0.23428325,0.15027036,0.61544639,0.38455361
MAAFDRL,12,1589.60000000,0.22160805,0.20141458,0.57697737,0.42302263
MAAFDRL,13,1595.20000000,0.22819964,0.16605164,0.60574872,0.39425128
MAAFDRL,14,1474.90000000,0.21300366,0.17493530,0.61206103,0.38793897
MAAFDRL,15,1497.00000000,0.20522113,0.16991214,0.62486673,0.37513327
MAAFDRL,16,1751.60000000,0.24135301,0.18365678,0.57499021,0.42500979
MAAFDRL,17,1742.40000000,0.23278514,0.16727659,0.59993828,0.40006172
MAAFDRL,18,1701.10000000,0.24134193,0.15794024,0.60071782,0.39928218
MAAFDRL,19,1589.30000000,0.22007887,0.18189706,0.59802406,0.40197594
MAAFDRL,20,1508.80000000,0.22248614,0.14529765,0.63221621,0.36778379
Thompson,1,-559.00000000,0.00706310,0.01893712,0.97399978,0.02600022
Thompson,2,-577.00000000,0.00406435,0.01649001,0.97944564,0.02055436
Thompson,3,-573.00000000,0.00726422,0.01593127,0.97680452,0.02319548
Thompson,4,-565.90000000,0.00621631,0.01512996,0.97865372,0.02134628
Thompson,5,-574.00000000,0.00480732,0.01510857,0.98008411,0.01991589
Thompson,6,-572.90000000,0.00886607,0.01048336,0.98065058,0.01934942
Thompson,7,-574.90000000,0.00428399,0.01994281,0.97577320,0.02422680
Thompson,8,-559.90000000,0.00735627,0.01819843,0.97444530,0.02555470
Thompson,9,-583.00000000,0.00401003,0.01426409,0.98172589,0.01827411
Thompson,10,-602.60000000,0.00273810,0.01217391,0.98508799,0.01491201
Thompson,11,-572.90000000,0.00659876,0.00651046,0.98689077,0.01310923
Thompson,12,-576.90000000,0.00363807,0.01558333,0.98077859,0.01922141
Thompson,13,-575.90000000,0.00753851,0.01147780,0.98098369,0.01901631
Thompson,14,-586.00000000,0.00630967,0.01581321,0.97787712,0.02212288
Thompson,15,-562.00000000,0.00814684,0.01127631,0.98057685,0.01942315
Thompson,16,-553.90000000,0.00663199,0.02520866,0.96815935,0.03184065
Thompson,17,-560.80000000,0.00742189,0.01411878,0.97845933,0.02154067
Thompson,18,-593.90000000,0.00442465,0.01104965,0.98452571,0.01547429
Thompson,19,-573.00000000,0.00553779,0.01482528,0.97963694,0.02036306
Thompson,20,-588.90000000,0.00458058,0.01099508,0.98442434,0.01557566
LFU,1,1873.70000000,0.24618982,0.13621102,0.61759915,0.38240085
LFU,2,1965.70000000,0.25433225,0.13375768,0.61191007,0.38808993
LFU,3,2085.10000000,0.26958819,0.15569348,0.57471833,0.42528167
LFU,4,1732.60000000,0.23516117,0.13507048,0.62976835,0.37023165
LFU,5,1838.90000000,0.24827280,0.14670591,0.60502129,0.39497871
LFU,6,2108.20000000,0.27376416,0.16046061,0.56577523,0.43422477
LFU,7,2002.30000000,0.26056467,0.15493216,0.58450316,0.41549684
LFU,8,1733.20000000,0.21623723,0.14092062,0.63450881,0.35715785
LFU,9,2216.30000000,0.27671881,0.13192774,0.59135345,0.40864655
LFU,10,2080.40000000,0.27406697,0.13892337,0.58700966,0.41299034
LFU,11,1906.50000000,0.25589838,0.15385052,0.59025111,0.40974889
LFU,12,1973.00000000,0.26339621,0.13984197,0.59676182,0.40323818
LFU,13,1942.90000000,0.25928678,0.15780809,0.57457180,0.41709486
LFU,14,1814.80000000,0.25146860,0.13440227,0.61412914,0.38587086
LFU,15,1939.30000000,0.25033123,0.15036934,0.59929944,0.40070056
LFU,16,1987.30000000,0.25719955,0.14694231,0.59585814,0.40414186
LFU,17,1973.70000000,0.24186808,0.14929072,0.60884120,0.39115880
LFU,18,2037.20000000,0.26248120,0.14210873,0.59541007,0.40458993
LFU,19,1935.40000000,0.25077067,0.14007255,0.60915678,0.39084322
LFU,20,2059.90000000,0.26664991,0.14877643,0.58457366,0.41542634
LRU,1,1518.30000000,0.20312907,0.17842027,0.61845066,0.38154934
LRU,2,1524.40000000,0.17961430,0.20718505,0.61320065,0.38679935
LRU,3,1396.20000000,0.17968345,0.18335256,0.63696399,0.36303601
LRU,4,1490.10000000,0.17938876,0.17144188,0.64916935,0.35083065
LRU,5,1708.20000000,0.19266373,0.20665402,0.60068225,0.39931775
LRU,6,1450.70000000,0.17791306,0.18529727,0.63678967,0.36321033
LRU,7,1489.70000000,0.18251026,0.18072015,0.63676959,0.36323041
LRU,8,1475.10000000,0.19117522,0.17212811,0.63669667,0.36330333
LRU,9,1557.20000000,0.20223342,0.19432207,0.60344451,0.39655549
LRU,10,1637.70000000,0.19351374,0.17662067,0.62986559,0.37013441
LRU,11,1532.10000000,0.19649168,0.17834735,0.62516097,0.37483903
LRU,12,1566.50000000,0.19706664,0.18608706,0.61684630,0.38315370
LRU,13,1474.30000000,0.18850392,0.17184810,0.63964799,0.36035201
LRU,14,1510.40000000,0.20470513,0.16796452,0.62733035,0.37266965
LRU,15,1438.00000000,0.16642287,0.18718665,0.64639048,0.35360952
LRU,16,1514.80000000,0.18595896,0.17869573,0.63534531,0.36465469
LRU,17,1702.60000000,0.20843974,0.16774038,0.62381988,0.37618012
LRU,18,1607.10000000,0.21076689,0.17446718,0.61476594,0.38523406
LRU,19,1472.20000000,0.18888296,0.18918554,0.62193150,0.37806850
LRU,20,1632.30000000,0.19197802,0.17526330,0.63275868,0.36724132
